012345678901234567890123456789012345678901234567890 1
012345678901234567890123456789012345678901234567890
012345678901234567890123456789012345678901234567890 2
012345678901234567890123456789012345678901234567890
012345678901234567890123456789012345678901234567890 3
012345678901234567890123456789012345678901234567890
012345678901234567890123456789012345678901234567890 4
012345678901234567890123456789012345678901234567890
012345678901234567890123456789012345678901234567890 5
012345678901234567890123456789012345678901234567890
012345678901234567890123456789012345678901234567890 6
012345678901234567890123456789012345678901234567890
012345678901234567890123456789012345678901234567890 7
012345678901234567890123456789012345678901234567890
012345678901234567890123456789012345678901234567890 8
012345678901234567890123456789012345678901234567890
012345678901234567890123456789012345678901234567890 9
012345678901234567890123456789012345678901234567890
012345678901234567890123456789012345678901234567890 0
012345678901234567890123456789012345678901234567890
012345678901234567890123456789012345678901234567890 9
012345678901234567890123456789012345678901234567890
012345678901234567890123456789012345678901234567890 8
012345678901234567890123456789012345678901234567890
012345678901234567890123456789012345678901234567890 7
012345678901234567890123456789012345678901234567890
012345678901234567890123456789012345678901234567890 6
012345678901234567890123456789012345678901234567890
012345678901234567890123456789012345678901234567890 5
012345678901234567890123456789012345678901234567890
012345678901234567890123456789012345678901234567890 4
012345678901234567890123456789012345678901234567890
012345678901234567890123456789012345678901234567890 3
012345678901234567890123456789012345678901234567890
012345678901234567890123456789012345678901234567890 2

We did it! =)
